 icell, WH2O(icell), fz(icell), gamma(icell), wetdep(icell,idx)
           1   80800000000.000000       0.10000000000000001        432500.00000000000        2.0503092124141613E-007
           2   74300000000.000000        5.8749366593813003E-002   664098.61325115559        1.8112660605174006E-007
           3   68100000000.000000        3.7185382095797324E-002   1136748.8443759629        1.5699587868519475E-007
           4   62000000000.000000        2.6880748249020495E-002   1609399.0755007705        1.3624221759155434E-007
           5   56100000000.000000        2.0899065102452607E-002   2082049.3066255779        1.1832520130359978E-007
           6   50400000000.000000        1.7014156111191652E-002   2554699.5377503852        1.0265232026452286E-007
           7   45000000000.000000        1.4298630209345173E-002   3027349.7688751929        8.8941203720941383E-008
           8   39900000000.000000        1.2400000000000000E-002   3500000.0000000000        7.6835775082193237E-008
           9   35000000000.000000        1.2400000000000000E-002   3500000.0000000000        6.7047308287437650E-008
          10   30400000000.000000        1.2400000000000000E-002   3500000.0000000000        5.7774821070363542E-008
          11   19800000000.000000        1.2400000000000000E-002   3500000.0000000000        3.8053187680791283E-008
          12   16810000000.000000        1.2400000000000000E-002   3500000.0000000000        3.1752386426400451E-008
