 icell, WH2O(icell), fz(icell), gamma(icell), wetdep(icell,idx)
           1   80800000000.000000       0.10000000000000001        432500.00000000000        5.1908919123009153E-007
           2   74300000000.000000        5.8749366593813003E-002   664098.61325115559        4.4646856979497663E-007
           3   68100000000.000000        3.7185382095797324E-002   1136748.8443759629        3.6784092946436916E-007
           4   62000000000.000000        2.6880748249020495E-002   1609399.0755007705        3.0786508289696323E-007
           5   56100000000.000000        2.0899065102452607E-002   2082049.3066255779        2.6104940244666247E-007
           6   50400000000.000000        1.7014156111191652E-002   2554699.5377503852        2.2343262335195058E-007
           7   45000000000.000000        1.4298630209345173E-002   3027349.7688751929        1.9262675156946413E-007
           8   39900000000.000000        1.2400000000000000E-002   3500000.0000000000        1.6678386349279289E-007
           9   35000000000.000000        1.2400000000000000E-002   3500000.0000000000        1.5082372524291344E-007
          10   30400000000.000000        1.2400000000000000E-002   3500000.0000000000        1.3445011758555831E-007
          11   19800000000.000000        1.2400000000000000E-002   3500000.0000000000        9.4846199905646418E-008
          12   16810000000.000000        1.2400000000000000E-002   3500000.0000000000        8.1061797103802054E-008
