 icell, WH2O(icell), fz(icell), gamma(icell), wetdep(icell,idx)
           1   80800000000.000000       0.10000000000000001        432500.00000000000        5.8550949504299024E-012
           2   74300000000.000000        5.8749366593813003E-002   664098.61325115559        5.2564653675772276E-012
           3   68100000000.000000        3.7185382095797324E-002   1136748.8443759629        4.7008706065569314E-012
           4   62000000000.000000        2.6880748249020495E-002   1609399.0755007705        4.1733059953396796E-012
           5   56100000000.000000        2.0899065102452607E-002   2082049.3066255779        3.6798151680879685E-012
           6   50400000000.000000        1.7014156111191652E-002   2554699.5377503852        3.2193671909977339E-012
           7   45000000000.000000        1.4298630209345173E-002   3027349.7688751929        2.7971470731984814E-012
           8   39900000000.000000        1.2400000000000000E-002   3500000.0000000000        2.4116087898274433E-012
           9   35000000000.000000        1.2400000000000000E-002   3500000.0000000000        2.0553350250294210E-012
          10   30400000000.000000        1.2400000000000000E-002   3500000.0000000000        1.7329941658383102E-012
          11   19800000000.000000        1.2400000000000000E-002   3500000.0000000000        1.0947210964660268E-012
          12   16810000000.000000        1.2400000000000000E-002   3500000.0000000000        9.0053618244258243E-013
