 icell, WH2O(icell), fz(icell), gamma(icell), wetdep(icell,idx)
           1   80800000000.000000       0.10000000000000001        432500.00000000000        2.9275526565492024E-012
           2   74300000000.000000        5.8749366593813003E-002   664098.61325115559        2.6282379220344797E-012
           3   68100000000.000000        3.7185382095797324E-002   1136748.8443759629        2.3504410134963124E-012
           4   62000000000.000000        2.6880748249020495E-002   1609399.0755007705        2.0866587332995373E-012
           5   56100000000.000000        2.0899065102452607E-002   2082049.3066255779        1.8399130332218272E-012
           6   50400000000.000000        1.7014156111191652E-002   2554699.5377503852        1.6096885517271779E-012
           7   45000000000.000000        1.4298630209345173E-002   3027349.7688751929        1.3985778947431459E-012
           8   39900000000.000000        1.2400000000000000E-002   3500000.0000000000        1.2058081147746865E-012
           9   35000000000.000000        1.2400000000000000E-002   3500000.0000000000        1.0276703372240585E-012
          10   30400000000.000000        1.2400000000000000E-002   3500000.0000000000        8.6649919860353650E-013
          11   19800000000.000000        1.2400000000000000E-002   3500000.0000000000        5.4736156721299381E-013
          12   16810000000.000000        1.2400000000000000E-002   3500000.0000000000        4.5026884109148084E-013
