 icell, WH2O(icell), fz(icell), gamma(icell), wetdep(icell,idx)
           1   80800000000.000000       0.10000000000000001        432500.00000000000        1.3929305723640789E-006
           2   74300000000.000000        5.8749366593813003E-002   664098.61325115559        1.0918857294023753E-006
           3   68100000000.000000        3.7185382095797324E-002   1136748.8443759629        7.6626965273519315E-007
           4   62000000000.000000        2.6880748249020495E-002   1609399.0755007705        5.7806820387935306E-007
           5   56100000000.000000        2.0899065102452607E-002   2082049.3066255779        4.5941752367687746E-007
           6   50400000000.000000        1.7014156111191652E-002   2554699.5377503852        3.7905251754056380E-007
           7   45000000000.000000        1.4298630209345173E-002   3027349.7688751929        3.2151076388341522E-007
           8   39900000000.000000        1.2400000000000000E-002   3500000.0000000000        2.7838860958424741E-007
           9   35000000000.000000        1.2400000000000000E-002   3500000.0000000000        2.7293732674829129E-007
          10   30400000000.000000        1.2400000000000000E-002   3500000.0000000000        2.6527378518433455E-007
          11   19800000000.000000        1.2400000000000000E-002   3500000.0000000000        2.3195209568085372E-007
          12   16810000000.000000        1.2400000000000000E-002   3500000.0000000000        2.1547832417286479E-007
