 icell, WH2O(icell), fz(icell), gamma(icell), wetdep(icell,idx)
           1   80800000000.000000       0.10000000000000001        432500.00000000000        1.1710223061030580E-012
           2   74300000000.000000        5.8749366593813003E-002   664098.61325115559        1.0512964258858365E-012
           3   68100000000.000000        3.7185382095797324E-002   1136748.8443759629        9.4017777582446447E-013
           4   62000000000.000000        2.6880748249020495E-002   1609399.0755007705        8.3466486989776165E-013
           5   56100000000.000000        2.0899065102452607E-002   2082049.3066255779        7.3596652107675905E-013
           6   50400000000.000000        1.7014156111191652E-002   2554699.5377503852        6.4387661019930400E-013
           7   45000000000.000000        1.4298630209345173E-002   3027349.7688751929        5.5943220383441838E-013
           8   39900000000.000000        1.2400000000000000E-002   3500000.0000000000        4.8232413866520887E-013
           9   35000000000.000000        1.2400000000000000E-002   3500000.0000000000        4.1106881281734974E-013
          10   30400000000.000000        1.2400000000000000E-002   3500000.0000000000        3.4660018719187640E-013
          11   19800000000.000000        1.2400000000000000E-002   3500000.0000000000        2.1894487143287412E-013
          12   16810000000.000000        1.2400000000000000E-002   3500000.0000000000        1.8010771639791963E-013
