 icell, WH2O(icell), fz(icell), gamma(icell), wetdep(icell,idx)
           1   80800000000.000000       0.10000000000000001        432500.00000000000        1.5670276256107920E-006
           2   74300000000.000000        5.8749366593813003E-002   664098.61325115559        1.2001959866747505E-006
           3   68100000000.000000        3.7185382095797324E-002   1136748.8443759629        8.1327960576377356E-007
           4   62000000000.000000        2.6880748249020495E-002   1609399.0755007705        6.0187529956474850E-007
           5   56100000000.000000        2.0899065102452607E-002   2082049.3066255779        4.7334128352054497E-007
           6   50400000000.000000        1.7014156111191652E-002   2554699.5377503852        3.8835426708503753E-007
           7   45000000000.000000        1.4298630209345173E-002   3027349.7688751929        3.2849230461076358E-007
           8   39900000000.000000        1.2400000000000000E-002   3500000.0000000000        2.8419963838171384E-007
           9   35000000000.000000        1.2400000000000000E-002   3500000.0000000000        2.8120731411019190E-007
          10   30400000000.000000        1.2400000000000000E-002   3500000.0000000000        2.7661686697111804E-007
          11   19800000000.000000        1.2400000000000000E-002   3500000.0000000000        2.5227364957100627E-007
          12   16810000000.000000        1.2400000000000000E-002   3500000.0000000000        2.3893225132222340E-007
