 icell, WH2O(icell), fz(icell), gamma(icell), wetdep(icell,idx)
           1   80800000000.000000       0.10000000000000001        432500.00000000000        8.7937991450638105E-007
           2   74300000000.000000        5.8749366593813003E-002   664098.61325115559        7.3077242139491140E-007
           3   68100000000.000000        3.7185382095797324E-002   1136748.8443759629        5.6548543825585957E-007
           4   62000000000.000000        2.6880748249020495E-002   1609399.0755007705        4.5337139175738643E-007
           5   56100000000.000000        2.0899065102452607E-002   2082049.3066255779        3.7387127825071114E-007
           6   50400000000.000000        1.7014156111191652E-002   2554699.5377503852        3.1495109216882625E-007
           7   45000000000.000000        1.4298630209345173E-002   3027349.7688751929        2.6974001181989657E-007
           8   39900000000.000000        1.2400000000000000E-002   3500000.0000000000        2.3381579433078196E-007
           9   35000000000.000000        1.2400000000000000E-002   3500000.0000000000        2.1970100248134068E-007
          10   30400000000.000000        1.2400000000000000E-002   3500000.0000000000        2.0354378797553897E-007
          11   19800000000.000000        1.2400000000000000E-002   3500000.0000000000        1.5639895170354348E-007
          12   16810000000.000000        1.2400000000000000E-002   3500000.0000000000        1.3790714789931677E-007
